7
81
63
43
2
61
28
47
36
13
94
64
56
88
33
78
62
100
7
70
10
72
3
29
16
63
18
14
44
30
74
48
67
52
92
62
72
56
62
74
44
40
24
72
5
34
39
61
29
11
49
85
42
26
11
8
2
72
14
50
53
8
84
38
82
95
2
27
57
85
21
60
38
88
67
24
1
4
67
67
50
37
47
71
60
80
13
45
42
5
58
5
49
61
32
71
75
80
55
32
13
9
2
17
22
46
5
60
13
24
98
3
75
85
46
33
73
56
51
88
70
46
100
62
15
89
50
27
4
1
77
75
63
96
33
8
75
61
72
97
73
38
91
81
73
56
49
82
69
77
93
79
9
87
65
100
75
67
60
96
66
11
14
74
47
70
99
38
42
54
82
43
100
61
92
67
13
74
65
15
61
59
92
60
95
29
59
35
49
56
54
30
50
31
18
26
59
89
99
3
10
61
49
38
65
90
50
1
94
74
39
100
70
22
61
83
3
60
53
88
61
19
50
15
59
17
30
28
77
71
14
47
15
46
66
5
92
97
12
70
90
36
86
6
62
6
4
74
98
58
64
58
97
30
73
69
93
96
46
57
32
57
66
94
31
28
91
92
65
65
35
16
32
51
38
50
3
48
89
100
41
94
67
60
50
35
44
74
75
72
93
13
73
46
90
20
22
13
35
48
3
63
18
67
7
68
98
8
30
26
46
41
81
19
88
59
33
90
2
69
89
34
54
56
25
84
59
42
79
16
77
46
41
16
42
2
92
36
67
92
83
63
36
15
53
58
62
28
26
11
7
2
21
24
78
68
7
90
51
83
84
29
54
12
56
64
31
38
51
99
14
66
58
26
43
69
34
2
16
92
21
30
10
66
42
35
97
97
72
16
44
39
68
74
83
22
60
30
88
99
89
52
38
91
62
23
42
69
88
97
20
62
21
99
37
21
59
4
95
41
87
97
4
21
65
78
31
92
21
71
92
3
81
91
97
86
79
24
99
8
60
28
89
99
46
6
56
46
10
86
3
75
22
19
17
33
26
45
36
34
47
9
48
98
87
81
71
5
45
97
51
87
95
51
68
4
80
32
60
2
92
26
76
78
75
75
78
51
68
35
14
37
21
17
10
79
47
17
99
94
